1316.46
1302.08
1292.71
1272.65
1281.26
1249.81
1205.15
1186.43
1201.88
1152.15
1149.48
1108.61
1109.99
1183.15
1189.58
1189.43
1112.84
1140.38
1145.86
1221.76
1215.74
1236.97
1246.84
1216.79
1241.02
1235.09
1254.61
1253.12
1256
1244.6
1227.23
1245.87
1275.61
1288.44
1328.39
1351.85
1377.04
1362.4
1343.14
1376.33
1338.7
1341.91
1368.38
1382.42
1385.79
1369.9
1373.01
1350.01
1354.1
1352.53
1313.47
1317.58
1296.57
1302.25
1337.73
1332.2
1333.71
1357.74
1366.72
1344.73
1350.69
1344.58
1341.5
1341.77
1326.55
1330.64
1324.87
1318.66
1309.73
1312.48
1331.71
1349.79
1353.61
1342.29
1344.78
1335.45
1319.81
1311.68
1300.12
1261.52
1277.24
1258.83
1298.88
1280.16
1284.84
1265.97
1270.34
1270.38
1246.02
1245.89
1238.58
1213.39
1219.52
1196.62
1245.61
1252.51
1243.74
1252.85
1246.84
1235.57
1222.12
1224.65
1248.84
1236.05
1245.08
1288.52
1409.51
1409.23
1417.31
1422.51
1431.18
1415.33
1425.81
1427.39
1412.62
1415.4
1423.7
1419.47
1392.9
1390.93
1389.45
1379.38
1382.41
1393.02
1397.41
1403.25
1380.28
1375.61
1372.89
1365
1361.41
1368.8
1371.91
1358.16
1355.3
1359.99
1353.48
1368.99
1366.8
1359.68
1350.31
1340.22
1342.36
1351.51
1340.97
1349.62
1347.16
1370.05
1370.96
1381.55
1379.42
1366.18
1369.76
1368.4
1362.67
1361.3
1362.15
1366.71
1358.78
1341.47
1334.34
1323.13
1324.21
1319.03
1322.23
1321.81
1302.62
1304.38
1295.56
1319.82
1305.75
1304.92
1299.19
1299.52
1291.38
1285.65
1272.94
1247.53
1241.55
1237.14
1243.74
1238.97
1247.72
1228.26
1233.67
1237.36
1254.74
1255.64
1244.56
1233.58
1219.43
1226.78
1225.94
1225.34
1227.85
1246.8
1265.73
1260.05
1259.87
1232.94
1218.36
1200.92
1206.42
1183.64
1186.92
1174.82
1182.64
1154.9
1125.38
1128.07
1133.17
1111.05
1118.96
1150.59
1164.62
1132.93
1144.63
1147.54
1139.75
1139.8
1136.25
1122.91
1117.44
1122.23
1132.08
1141.52
1148.6
1143.94
1145.07
1157.34
1159.43
1159.06
1151.16
1119.36
1120.28
1108.94
1103.64
1074.98
1073.52
1084.88
1081.62
1111.83
1132.17
1121.58
1124.33
1185.87
1177.97
1196.39
1190.9
1194.72
1172.13
1174.57
1167.64
1187.69
1203.32
1206.86
1207.6
1190.46
1201.29
1214.8
1208.84
1213.7
1204.7
1204.94
1216.58
1215.15
1191.63
1192.99
1214.85
1214.4
1215.46
1213.86
1223.41
1222.38
1217.89
1202.44
1198.74
1178.15
1177.8
1182.42
1175.16
1177.61
1179.23
1173.79
1180.23
1175.86
1185.42
1187.64
1176.1
1171.2
1201.37
1199.26
1215.17
1223.56
1222.97
1215.34
1223.56
1217.92
1221.57
1243.06
1255.24
1275
1306.51
1317.29
1304.1
1307.72
1300.41
1274.61
1274.69
1254.13
1218.69
1205.38
1250.68
1231.56
1239.95
1251.31
1216.43
1243.1
1273.37
1274.26
1275.86
1261.33
1259.02
1270.43
1283.67
1292.69
1293.68
1277.69
1294.77
1300.87
1300.49
1285.65
1296.44
1279.54
1262.06
1249.17
1255.93
1278.27
1273.51
1277.32
1273.56
1268.92
1266.72
1253.68
1244.66
1231.94
1235.12
1226.64
1238.48
1220.74
1214.55
1215.2
1227.95
1231.17
1229.98
1232.08
1239.85
1231.8
1257.81
1255.93
1251.09
1254.36
1259.9
1269.4
1241.57
1232.15
1235.3
1239.44
1231.02
1218.67
1213.15
1219.76
1221.76
1222.74
1226.24
1240.07
1239.05
1232.94
1232.97
1218.11
1222.2
1225.86
1210.56
1203.24
1201.32
1197.99
1201.66
1195.68
1194.63
1191.43
1177.3
1179.33
1178.4
1169.38
1178.57
1199.81
1197.3
1198.44
1196.5
1183.91
1177.83
1172.05
1176.04
1176.93
1164.18
1152.36
1159.72
1147.3
1148.08
1149.29
1141.14
1147.29
1150.49
1136.69
1131.3
1116.55
1127.14
1131.27
1128.77
1155.42
1151.78
1142.3
1139.02
1124.37
1128.1
1120.36
1124.54
1152.83
1143.71
1140.03
1130.46
1130.7
1123.22
1110.8
1111.62
1123.48
1145.17
1138.91
1118.92
1103.78
1108.03
1108.89
1089.31
1091.71
1100.02
1095.94
1081
1098.05
1129.13
1115.47
1147.59
1151.54
1155.27
1136.02
1142.98
1168.51
1168.4
1172.47
1178.65
1176.66
1164.43
1169.28
1184.68
1184.63
1183.11
1184.67
1178.35
1169.41
1173.4
1163.64
1195.44
1201.08
1212.33
1209.06
1208.52
1199.25
1207.1
1194.74
1204.61
1240.47
1251.14
1266.27
1284.34
1266.41
1294.68
1293.18
1277.96
1273.62
1284.3
1311.95
1281.33
1307.27
1321
1348.86
1353.85
1347.22
1368.84
1363.06
1354.75
1345.66
1342.34
1373.3
1380.37
1391.36
1385.98
1391.1
1359.24
1356.31
1329.44
1335.86
1351.61
1366.91
1363.19
1341.22
1349.85
1341.76
1317.3
1314.17
1344.99
1357.84
1358.51
1389.68
1395.37
1398.02
1372.16
1393.57
1399.55
1389.52
1385.37
1385.86
1386.48
1371.7
1372.05
1384.95
1396.63
1405.92
1401.97
1410.43
1408.77
1402.77
1370.28
1364.68
1353.83
1332.08
1318.85
1331.08
1312
1301.09
1289.65
1296.44
1276.31
1276.95
1264.34
1258.11
1233.6
1239.72
1206.59
1212.57
1240.02
1234.58
1207.26
1195.19
1209.61
1209.58
1201.71
1209.21
1200.79
1177.71
1183.01
1208.68
1201.72
1206.84
1224.11
1211.93
1193.55
1192.78
1176.26
1160.33
1137.55
1139.51
1140.53
1115.41
1134.9
1141.09
1116.5
1103.4
1109.39
1119.88
1110.32
1099.9
1081.96
1069.51
1084.62
1078.49
1112.39
1114.94
1116.42
1121.28
1110.62
1113.03
1106.92
1083.18
1086.81
1088.78
1104.01
1132.8
1134.5
1125.88
1125.66
1097.86
1101.6
1087.27
1083.4
1089.52
1104.17
1088.68
1080.55
1073.58
1103.55
1088.81
1088.24
1093.48
1098.59
1086.08
1074.82
1077.25
1067.6
1072.51
1071.83
1059.2
1060.23
1047.21
1059.42
1055.53
1051
1039.24
1038.34
1055.97
1040.06
1045.37
1043.54
1039.67
1041.49
1031.61
1012.56
1015.15
993.26
1023.41
1066.28
1077.92
1112.77
1152.13
1143.46
1120.11
1157.93
1135.97
1128.05
1136.34
1124.01
1109.32
1131.92
1126.33
1103.55
1104.18
1060.13
1061.64
1063.47
1066.64
1062.9
1049.97
1063.14
1049.19
1059.25
1069.69
1068.68
1050.3
1038.43
1035.73
1054.69
1032.72
1033.8
1034.81
1037.21
1076.28
1070.27
1072.62
1084.71
1084.65
1074.39
1085.03
1091.37
1094.35
1084.88
1077.67
1076.34
1074.99
1061.35
1062.81
1058.15
1056.06
1058.33
1060.25
1048.18
1049.18
1059.53
1043.55
1037.45
1034.29
1037.88
1033.27
1023
1009.37
1008.12
1034.03
1015.51
1016.4
1012.45
1010.7
1005.53
1003.99
1000
982.79
992.56
983.17
983.96
993.88
997.14
996.75
996.88
988.31
967.45
974.69
967.21
956.25
982.6
998.13
997.78
989.93
974.63
969.21
954.88
955.95
1006.91
993.22
1016.86
1023.58
1020.61
1006.06
1025.63
1046.74
1043.94
1045.46
1046.76
1039.99
1035.93
1021.32
1027.71
1023.67
1029.87
1048.99
1046.54
1022.41
1027.43
1031.03
1013.52
1003.07
992.86
978.67
981.89
964.02
959.01
964.8
962.96
960.7
955.19
937.03
942.2
978.15
962.17
955.6
973.67
984.73
1003.45
995.42
978.7
1000.9
986.98
974.08
963.77
965.89
950.87
943.98
939.1
930.07
937.08
926.6
942.07
932.4
909.17
913.08
901.85
885.82
887.54
875.27
881.46
883.2
884.17
882.76
863.34
868.46
868.45
857.33
849.51
855.61
855.95
837.53
818.38
818.03
839
837.28
905.77
912.6
894.56
892.96
883.54
866.83
879.24
880.35
906.26
896.17
900.65
893.57
898.3
916.04
903.72
898.9
878.69
859.49
855.93
849.68
842.56
844.73
829.49
824.1
851.82
846.23
849.59
841
833
835.61
842.64
843.99
859.69
856.86
876.48
894.01
890.89
888.16
891.61
903.6
909.57
904.15
923.8
927.47
933.09
940.37
953.99
938.32
954.5
945.06
953.01
920.67
923.04
931.67
923.41
930.65
930.12
928.26
917.37
914.88
927.92
944.56
947.87
952.72
936.61
952.76
955.28
949.07
949.51
963.77
970.19
969.6
967.5
971.14
961.92
944.41
923.27
916.15
918.49
904.21
903.72
915.98
917.39
907.32
919.72
923.49
916.5
904.83
897.62
902.37
898.74
899.92
904.41
906.65
894.27
875.82
875.85
867.73
876.28
872.87
882.48
874.58
878.36
877.28
881.52
879.25
862.97
864.79
862.15
856.64
863.12
862.66
882.24
883.87
869.62
876.23
881.49
884.11
880.17
871.31
873.83
873.07
869.94
859.61
866.08
873.84
874.06
887.36
888.52
889.1
898.15
896.43
902.56
902.91
907.32
903.14
908.75
915.89
922.38
919.36
920.92
932.03
923.45
941.43
959.13
970.03
975.25
978.15
973.48
983.72
978.81
961.44
964.29
983.62
991.22
993.34
996.16
999.09
1009.6
1033.23
1029.94
1033.07
1019.6
1032.34
1031.61
1038.53
1041.66
1020.12
1020.37
1021.64
1038.82
1037.89
1041.37
1049.44
1047.85
1053.01
1056.62
1038.67
1041.68
1038.87
1014.97
1009.27
1004.34
1008.9
1019.86
1018.27
1028.96
1027.62
1024.02
1037.66
1040.76
1047.67
1048.54
1042.6
1050.71
1055.98
1065.29
1055.63
1061.09
1079.32
1089.37
1099.97
1103.24
1103.15
1117.91
1123.31
1117.07
1093.93
1118.61
1124.41
1131.28
1138.24
1134.38
1149.16
1142.7
1141.93
1155.73
1155.27
1172.35
1218.44
1251.61
1265.93
1255.04
1296.26
1352.16
1331.13
1335.52
1331.2
1366.1
1373.67
1317.65
1308.24
1307.7
1331.02
1366.29
1378.76
1365.45
1402.88
1390.12
1403.16
1399.14
1320.23
1325.98
1294.19
1297.67
1298.28
1283.88
1285.39
1318.01
1334.89
1338.22
1333.53
1331.55
1339.45
1363.41
1363.9
1362.89
1395.12
1393.96
1420.33
1411.01
1393.01
1418.68
1410.43
1412.12
1418.58
1419.2
1346.09
1357.13
1372.25
1373.42
1336.64
1345.19
1356.03
1358.12
1374.17
1371.3
1355.55
1341.39
1294.33
1282.06
1275.09
1271.74
1241.91
1224.1
1252.39
1251.3
1271.47
1275.65
1245.72
1265.86
1283.57
1271.63
1267.87
1270.56
1285.27
1285.68
1292.4
1295.44
1325.89
1330.16
1334.67
1338.69
1318.1
1337.24
1340.68
1346.37
1328.38
1332.15
1338.76
1347.64
1338.39
1338.28
1362.32
1375.56
1378.31
1378.46
1387.37
1374.85
1372.4
1357.65
1371.12
1387
1403.27
1436.07
1437.25
1435.91
1426.5
1430.88
1418.52
1414.45
1437.59
1439.38
1440.18
1408.72
1440.05
1446.83
1456.1
1439.05
1446.24
1464.47
1479.41
1479.66
1488.29
1507.89
1516.1
1498.17
1524.71
1504.06
1475.78
1493.78
1534.76
1533.29
1562.08
1593.16
1612.25
1624.03
1634.91
1636.58
1651.8
1644.01
1667.14
1714.36
1729.22
1780.74
1794.23
1779.41
1775.71
1711.58
1789.92
1802.79
1803.86
1836.14
1867.64
1916.11
1921.44
1936.55
1908.99
1895.64
1939.1
1938.24
1982.88
1979.93
2041.05
2067.09
2072.88
2131.56
2200.09
2255.97
2231.63
2173.75
2287.34
2353.87
2308.93
2317.1
2396.09
2491.31
2508.13
2536.43
2452.83
2512.92
2576.92
2551.88
2385.34
2395.17
2298
2271.8
2316.04
2369.79
2410.6
2397.25
2485.39
2522.63
2588.35
2668.63
2676.74
2707.68
2457.49
2544.57
2473.54
2508.73
2475.61
2520.29
2589.44
2627.63
2611.39
2616.17
2640.17
2597.36
2645.55
2604.23
2659.41
2672.77
2702.6
2711.32
2716.27
2764.03
2784.02
2797.65
2783.31
2781.78
2850.11
2888.12
2911.82
2945.05
2972.01
3038.17
3081.57
3121.32
3176.44
3169.23
3256
3283.6
3304.5
3150.3
3289.28
3431.32
3445.2
3448.28
3493.58
3470.52
3558.71
3686.03
3701.28
3724.51
3702.61
3734.42
3604.64
3700.29
3778.61
3776.63
3831.44
3870.49
3938.95
3919.75
3985.25
4072.58
4168.29
3886.46
3927.95
3803.95
3511.43
3634.63
3677.58
3802.3
3837.87
3931.86
4036.11
4118.27
4075.82
4099.38
4227.57
4253
4157.6
4197.28
4051.43
3877.59
3928.21
4040.48
3858.52
3764.08
3757.66
3832.23
3743.58
3537.44
3710.28
3821.3
3775.62
3789.87
3816.92
3820.12
3697.97
3789.65
3807.57
3807
3971.88
4156.72
4161.35
4255.46
4303.19
4307.14
4410.3
4460.56
4290.48
4436.19
4598.38
4703.98
4724.55
4668.09
4777.29
4726.68
4721.19
4795.57
4798.75
4721.94
4626.58
4885.43
4972.71
5051.69
5135.93
5217.58
5243.15
5251.77
5171.82
5241.23
5296.81
5419.17
5360.33
5363.25
5412.04
5294.8
5377.22
5124.09
5202.86
5349.97
5397.28
5498.91
5476.84
5419.27
5494.92
5468.1
5513.9
5454.62
5361.02
5427.66
5580.81
5653.14
5675.93
5685.76
5760.08
5737.22
5821.45
5877.2
5824.12
5615.75
5614.06
5472.68
5540.09
5588.01
5333.79
5394.81
5508.36
5596.07
5688.54
5605.23
5472.93
5360.31
5317.55
5350.63
5093.67
5040.53
4978.25
4939.24
5145.89
5081.11
5007.66
4994.42
5069.38
4997.62
4772.62
4856.16
4800.08
4711.15
4648.75
4842.07
4737.41
4772.67
4829.21
4965.95
4971.06
5041.35
5133.56
5140
5077.39
4884.3
4977.65
4857.29
4829.91
4946.29
5037.19
5101.85
5207.13
5216.81
5265.03
5367.53
5338.28
5385.1
5422.03
5483.65
5556.59
5528.05
5613.76
5672.15
5699.15
5731.76
5696.45
5505.72
5365.62
5414.47
5145.73
4753.87
4975.11
5027.21
5077.43
4731.88
4762.08
4710.65
4620.4
4571.94
4950.12
4921.83
4816.08
4880.25
4813.31
4910.99
5020.75
4908.72
4876.03
4702.24
4519.78
4515.53
4639.77
4622.06
4674.55
4790.74
4671.15
4628.72
4685.03
4621.69
4431.59
4441.18
4309.65
4198.96
4157.87
3965.28
3763.95
3888.86
4001.83
4037.83
3857.09
3905.77
3914.37
3748.92
3918.16
3790.53
3582.86
3547.98
3650.7
3845.82
3891.06
3688.13
3754.72
3783.73
3536.33
3583.3
3494.02
3386.63
3272.5
3267.55
3296.28
3453.73
3774.5
3803.07
3729.15
3776.94
3959.12
4055.78
4010.89
3821.32
3925.04
3878.92
3904.92
3851.69
3975.78
3948.09
3936.12
3914.07
3710.82
3783.05
3711.44
3675.15
3559.22
3576.2
3676.23
3580.87
3611.33
3625.83
3614.11
3546.92
3512.14
3489.5
3206.56
3140.3
3084.63
2979.12
2952.24
2842.68
2991.27
2773.08
2849.67
2789.94
2851.92
2969.54
2980.91
2816.02
2791.82
2698.35
2699.6
2760.61
2741.85
2882.76
2901.84
3015.13
2973.73
2953.5
2975.87
2852.98
2745.6
2718.07
2815.46
2911.05
2904.74
2883.32
2977.36
2939.2
2960.85
2905.63
2884.38
2805.21
2840.79
2773.15
2703.08
2721.69
2720.44
2591.46
2456.81
2444.16
2444.67
2443.51
2447.62
2313.4
2348.47
2532.94
2443.98
2404.93
2400.55
2331.53
2325.29
2335.87
2391.64
2309.17
2285.41
2245.96
2251.15
2183.43
2126.52
2139.15
2143.18
2072.13
2077.85
2000.65
1929.14
1895.99
2073.11
2207.61
2123.48
2138.85
2223.53
2243.66
2128.7
2102.45
2022.88
1995.3
1906.96
1985.49
1934.62
1914.36
1820.9
1833.26
1896.73
1881.41
1833.32
1834.78
1781.6
1654.67
1705.82
1658.22
1697.66
1663.66
1653.54
1627.76
1691.42
1649.78
1677.83
1801.67
1781.36
1801.82
1874.08
1943.65
1987.23
1839.82
1953.16
1932.43
1920.74
1837.64
1834.29
1843.5
1870.47
1829.92
1864.21
1868.63
1952.67
1982.93
2013.18
2095.04
2040.85
2096.39
2046.34
1960.38
1975.03
1994.45
2001.42
2045.1
2052.11
2017.55
1918.96
1887.08
1870.77
1862.1
1854.76
1833.44
1817.72
1882.96
1942.8
1931.18
1887.99
1918.37
1920.69
1876.19
1955.24
1954.87
1990.21
2012.47
2025.19
2021.71
2044.55
2032.68
2057.06
2108.91
2166.41
2150.97
2237.28
2296.67
2326.75
2331.14
2318.34
2399.07
2462.25
2385.29
2275.84
2298.41
2344.32
2410.48
2301.85
2304.25
2190.19
2140.49
2164.67
2142.15
2285.15
2304.92
2286.58
2202.53
2240.78
2220.38
2215.7
2205.42
2241.61
2322.4
2332.65
2382.56
2379.84
2439.4
2451.78
2401.33
2479.79
2498.93
2484.49
2507.79
2548.22
2576.4
2570.5
2576.95
2479.35
2517.67
2595.53
2656.52
2676.87
2686.99
2687.11
2650.69
2707.67
2675.44
2576.28
2593.56
2572.89
2513.29
2518.53
2605.37
2622.93
2714.3
2727.01
2764.98
2767.08
2789.22
2725.32
2788.56
2814.01
2792.6
2796.12
2810.57
2840.08
2812.87
2750.01
2740.68
2752.72
2719.76
2759.71
2858.34
2865.1
2939.39
2953.75
2939.31
2948.48
2960.56
2989.6
2961.63
2906.29
2966.19
2961.22
3010.59
3057.43
3080
3082.56
3083.9
3120.73
3117.92
3128.42
3179.97
3166.47
3237.9
3282.36
3327.14
3374.75
3340.49
3352.27
3396.3
3398.31
3361.01
3454.75
3493.31
3501.24
3519.81
3591.12
3539.83
3606.92
3651.97
3667.56
3743.63
3755.82
3558.51
3634.82
3734.62
3787.03
3786.62
3740.94
3663.12
3555.1
3544.54
3556.38
3397.4
3440.82
3344.46
3140.27
3171.99
3014.57
3144.39
3203.62
3229.6
3109.83
3172.39
3156.3
3046.78
2830.27
2843.7
2890.93
3051.96
3077.14
3104.21
3170.97
3194.91
3162.91
3238.13
3293.39
3302.64
3258.24
3320.1
3199.69
3208.6
3131.03
3060.07
3080.93
3058.53
2972.64
2972.29
3004.81
3163.71
3151.63
3198.52
3227.4
3239.64
3241.71
3329.16
3377.57
3369.29
3347.32
3413.25
3414.24
3314.72
3329.33
3247.05
3280.37
3392.8
3435.43
3453.89
3464.32
3483.02
3495.79
3503.78
3495.67
3499.99
3518.72
3625.8
3628.35
3630.23
3642.44
3631.01
3665.51
3548.08
3629.63
3485.77
3382.51
3511.67
3560.83
3597.33
3590.88
3643.49
3668.83
3624.02
3554.48
3577.24
3575.02
3612.75
3583.34
3560.72
3480.15
3391.74
3396.62
3305.54
3336.48
3438.82
3424.78
3478.43
3500.74
3558.86
3575.68
3535.23
3564.04
3541.73
3471.46
3480.13
3482.05
3534.92
3421.14
3469.05
3482.74
3500.68
3507.48
3394.43
3408.57
3366.2
3328.01
3242.8
3198.57
3206.57
3204.16
3152.71
3146.19
3230.72
3218.8
3153.09
3150.99
3169.19
3214.13
3220.4
3251.28
3233.35
3198.63
3244.48
3292.13
3281.67
3324.42
3311.24
3335.08
3250.57
3259.76
3286.18
3305.86
3279.69
3276.71
3233.13
3183.18
3203.97
3273.92
3267.56
3293.87
3302.63
3275.57
3276.67
3229.13
3275
3358.54
3366.71
3345.61
3391.94
3407.35
3405.15
3386.95
3346.74
3379.17
3351.48
3391.72
3403.71
3394.57
3356.33
3176.42
3173.37
3236.68
3201.54
3190
3172
3108.41
3097.35
3060.06
3067.37
3019.45
3036.39
2896.86
2836.79
2858.23
2800.82
2818.16
2886.91
2868.02
2714.72
2771.35
2762.17
2726.02
2768.79
2873.47
2813.94
2813.94
2859.98
2850.3
2773.26
2744.16
2757.53
2736.08
2744.39
2695.72
2699.34
2782.13
2750.02
2758.87
2742.73
2696.17
2780.66
2783.72
2758.5
2757.5
2736.29
2716.78
2592.02
2563.07
2526.07
2534.11
2512.65
2562.9
2580.48
2575.92
2647.1
2676.22
2634.59
2653.61
2608.52
2616.13
2682.47
2741.5
2747.34
2781.29
2793.08
2811.06
2795.72
2863.72
2877.98
2868.85
2917.28
2865.97
2876.43
2850.83
2897.66
2918.24
2832.64
2850.21
2816.39
2855.55
2922.08
2942.29
2937.36
2955.4
2898.33
2896.19
2911.83
2843.02
2850.09
2858.57
2915.01
2903.19
2884.04
2921.39
2920.21
2975.09
2983.11
2980.97
2926.46
2932.55
2962.32
2965.01
2913.19
2857.79
2861.37
2849.83
2857.48
2905.03
2880.91
2874.81
2935.57
3044.23
3132.9
3172.73
3217.58
3224.14
3327.68
3306.16
3375.67
3396.88
3374.69
3378.66
3481.08
3466.08
3403.87
3397.69
3379.98
3473
3463.13
3420.34
3480.51
3520.8
3548.57
3523.95
3499.11
3509.98
3291.83
3314.89
3169.54
3103.91
3147.96
3178.85
3171.94
3107.18
3177.04
3223.48
3194.85
3190.05
3136.99
3136.02
3155.06
3158.16
3165.57
3200.34
3171.88
3123.37
3161.98
3261.06
3269.47
3247.64
3230.67
3225.66
3178.66
3249.51
3215.45
3188.61
3162.96
3099.71
3044.93
3061.83
3064.1
3128.26
3189.68
3175.66
3159.64
3166.62
3108.19
3124.92
3142.34
3141.28
3091.86
2974.35
2977.65
3044.85
2944.71
2983.46
2954.23
2938.65
2978.43
3026.47
3036.74
3076.51
3077.28
3040.95
3104.16
3120.96
3219.14
3217.67
3248.53
3245.91
3211.88
3257.91
3163.58
3174.74
3190.94
3197.62
3239.56
3254.89
3243.3
3221.72
3270.67
3334.51
3337.46
3338.86
3280.26
3247.38
3262.92
3203.96
3248.2
3197.1
3215.69
3207.11
3222.96
3264.93
3251.36
3294.48
3290.57
3257.98
3256.08
3223.29
3272.73
3311.07
3324.42
3353.36
3333.43
3326.77
3372.03
3353.56
3358.94
3359.44
3295.81
3295.76
3317.37
3299.94
3249.57
3230.96
3209.5
3161.78
3192.72
3211.13
3129.03
3126.12
3121.4
3129.76
3153.22
3145.09
3101.6
3128.09
3100.46
3116.03
3139.38
3120.64
3121.6
3022.98
3026.22
2990.34
2978.38
2963.31
2954.51
3001.56
3004.17
2955.71
2986.35
3004.26
3008.65
2951.89
2961.93
2950.35
2993.56
2963.12
2917.58
2892.16
2874.9
2909.07
2908.58
2957.63
3027.47
3036.49
3041.73
3000.17
3044.09
3049.75
3121.98
3122.5
3113.71
3101.68
3109.18
3113.21
3056.91
3106.25
3115.75
3128.89
3122.6
3095.13
3091.57
3059.14
3067.99
2968.29
2977.77
3000.05
2981
2972.08
2977.72
2956.38
2954.87
2960.31
2897.42
2793.9
2798.19
2824.12
2866.92
2875.37
2917.88
2897.58
2886.01
2834.25
2807.66
2777.79
2821
2810.02
2903.84
2901.22
2852.81
2841.74
2846.78
2834.54
2803.85
2743.82
2723.3
2779.09
2756.11
2751.1
2720.28
2733.11
2729.05
2733.99
2679.27
2689.85
2771.01
2685.69
2669.48
2610.92
2637.88
2610.59
2588.19
2581.35
2557.08
2551.99
2644.76
2662.6
2653.78
2666.95
2592.21
2583.08
2520.53
2507.88
2576.67
2625.43
2651.65
2657.48
2709.02
2695.31
2697.53
2742.39
2744.3
2763.75
2736.25
2727.71
2751.65
2699.59
2695
2750.2
2744.68
2670.12
2662.02
2606.5
2609.69
2609.48
2584.01
2588.92
2569.97
2573.32
2608.57
2521.52
2583.61
2557.31
2521.39
2516.34
2528.23
2525
2503.46
2477.69
2421.93
2397.48
2340.79
2390.13
2384.41
2377.07
2339.11
2341.34
2359.16
2335.7
2305.03
2307.93
2311.36
2345.74
2298.75
2276.39
2290.6
2368.57
2447.35
2435.61
2435.22
2394.33
2345.65
2460.6
2422.19
2468.35
2504.09
2460.72
2464.26
2428.99
2486.24
2506.09
2504.32
2457.95
2528.24
2529.23
2533.62
2531.98
2522.11
2549.61
2536.07
2537.09
2540.71
2562.45
2597.48
2606.26
2648.02
2656.57
2662.46
2634.14
2633.35
2679.93
2662.7
2621.05
2603
2635.79
2664.3
2654.4
2681.07
2605.11
2585.55
2623.52
2630.01
2584.45
2587.79
2583.75
2552.94
2555.44
2547.14
2474.9
2443.12
2454.9
2512.83
2519.83
2495.15
2519.79
2520.04
2570.44
2580.45
2574.04
2541.88
2599.91
2596.06
2626.84
2606.04
2604.87
2625.99
2631.49
2626.16
2683.49
2691.52
2715.88
2717.78
2709.12
2657.51
2657.21
2636.92
2615.53
2617.37
2574.65
2613.94
2573.98
2587.23
2627.53
2616.87
2595.26
2573.1
2614.69
2650.85
2642.26
2632.04
2633
2559.03
2558.84
2557.4
2542.18
2524.33
2558.26
2540.18
2580.64
2560.42
2568.05
2581.21
2558.62
2552.61
2512.19
2456.52
2454.92
2447.2
2425.73
2461.61
2465.24
2468.72
2464.92
2430.37
2472.61
2416.04
2406.71
2425.57
2449.18
2450.63
2399.73
2414.2
2414.34
2424.32
2398.46
2365.43
2375.99
2360.08
2347.49
2349.11
2335.79
2332.92
2358.65
2334.88
2353.74
2385.61
2388.87
2389.8
2411.7
2399.75
2351.93
2357.02
2331.62
2319.67
2313.48
2301.79
2313.7
2295.59
2302.2
2275.68
2228.2
2238.41
2214.81
2211.37
2204.87
2228.37
2204.41
2199.88
2217.82
2317.18
2326.67
2311.89
2320.07
2298.46
2315.54
2258.71
2235.24
2246.24
2195.95
2199.06
2215.52
2210.15
2184.89
2251.72
2293.11
2270.05
2320.16
2324.12
2302.53
2304.53
2294.86
2298.16
2300.8
2336.08
2332.47
2341.59
2312.08
2307.78
2291.24
2247.91
2235.85
2239.88
2254.82
2297.88
2306.77
2301.88
2292.21
2287.5
2245.41
2240.92
2251.85
2212.44
2223.11
2193.62
2177.24
2174.99
2164.88
2194.9
2177.55
2192.68
2175.6
2150.64
2129.16
2115.68
2139.66
2108.85
2131.47
2207.88
2203.6
2246.76
2271.05
2258.5
2267.77
2242.64
2355.87
2366.7
2368.12
2371.11
2384.82
2372
2381.22
2448.4
2457.62
2444.59
2480.05
2522.95
2524.41
2535.99
2525.33
2526.13
2530.57
2483.23
2577.73
2595.86
2577.09
2552.76
2595.44
2610.9
2596.9
2607.46
2582.75
2571.67
2651.86
2675.87
2688.71
2686.88
2743.32
2748.03
2771.68
2775.84
2759.87
2771.73
2737.47
2685.61
2702.64
2610.55
2596.6
2604.96
2567.6
2594.68
2673.33
2668.84
2545.72
2622.81
2650.2
2619.48
2606.93
2592.37
2555.62
2527.49
2534.27
2539.87
2502.49
2525.1
2610.17
2614.99
2618.31
2613.1
2575.05
2583.53
2499.3
2495.08
2493.19
2486.39
2483.55
2472.3
2489.43
2485.31
2477.88
2462.11
2436.82
2459.59
2458.47
2464.85
2533.83
2530.67
2449.47
2495.58
2467.88
2447.31
2449.64
2492.91
2525.98
2529.94
2542.8
2527.79
2540.84
2530.77
2493.34
2506.93
2552.71
2592.05
2609.61
2614.85
2618.03
2582.85
2597.23
2599.59
2644.36
2642.56
2634.32
2606.43
2602.62
2565.67
2560.54
2527.85
2484.16
2399.94
2416.77
2403.84
2418.75
2400.76
2321.47
2317.39
2171.21
2165.42
2168.3
2160.74
2200.64
2213.32
2221.98
2203.83
2221.98
2226.85
2163.62
2162.67
2224.07
2326.69
2275.37
2307.3
2317.85
2282.84
2245.33
2190.48
2202.19
2265.85
2249.15
2237.68
2224.01
2175.97
2189.39
2193.02
2245.36
2247.26
2278.33
2293.64
2280.62
2276.78
2286.01
2352.79
2359.07
2349.08
2321.58
2304.14
2331.43
2312.47
2308.59
2303.93
2286.93
2335.62
2340.88
2328.06
2318.31
2313.91
2320.34
2354.5
2350.7
2341.74
2357.78
2440.61
2474.89
2482.89
2507.46
2488.9
2478.39
2427.32
2432.51
2472.29
2443.89
2429.03
2384.44
2394.97
2409.04
2441.81
2453.58
2429.32
2468.51
2472.54
2467.52
2421.37
2413.33
2426.05
2471.32
2445.89
2418.49
2400.51
2368.56
2365.95
2372.05
2407.47
2373.72
2384.96
2380.45
2383.77
2353.57
2340.55
2307.95
2315.89
2340
2288.12
2304.5
2350.73
2428.9
2412.16
2424.85
2409.99
2397.96
2388.63
2387.42
2414.48
2439.53
2438.94
2418.79
2442.78
2475.14
2468.2
2452.29
2450.87
2453.32
2412.76
2410.01
2406.64
2367.92
2356.38
2357.23
2332.41
2278.14
2284.6
2288.25
2305.11
2265.33
2303.48
2299.46
2330.03
2321.98
2290.78
2238.64
2238
2241.91
2222.22
2204.85
2193.68
2212.85
2208.94
2211.84
2178.49
2165.99
2187.41
2243.8
2231.89
2245.68
2215.92
2219.86
2227.78
2202.45
2212.48
2267.53
2285.56
2291.25
2279.55
2295.58
2311.65
2282.44
2308.66
2287.44
2264.29
2214.51
2157.91
2163.41
2154.11
2178.97
2190.37
2184.27
2163.98
2173.63
2168.36
2097.79
2108.66
2114.13
2140.33
2122.84
2143.04
2138.13
2120.87
2086.97
2158.8
2176.55
2174.44
2171.05
2155.71
2151.97
2146.31
2163.12
2180.73
2165.01
2185.47
2237.32
2238.62
2273.76
2270.67
2268.61
2229.46
2232.53
2224.8
2224.48
2187.25
2196.8
2194.67
2190.47
2167.83
2134.97
2158.47
2158.66
2156.47
2157.33
2137.32
2135.5
2133.91
2180.05
2174.85
2172.37
2144.08
2145.95
2115.14
2115.77
2135.91
2130.87
2148.41
2155.98
2147.28
2169.35
2155.16
2156.46
2149.92
2128.27
2150.6
2134.72
2134.28
2161.27
2160.77
2153.41
2176.24
2191.86
2169.67
2160.24
2126.91
2136.73
2134.11
2144.82
2133.37
2149.08
2150.26
2165.12
2164.56
2170.87
2180.19
2178.7
2176.29
2180.47
2148.71
2142.85
2148.01
2171.76
2174.98
2170.87
2157.07
2164.14
2166.3
2192.7
2197.83
2237.01
2260.45
2323.9
2331.37
2322.01
2350.25
2329.4
2375.62
2369.35
2363.22
2327.46
2331.13
2365.35
2357.05
2358.9
2335.95
2360.64
2374.56
2374.77
2366.14
2354.24
2365.36
2342.86
2324.09
2327.6
2311.28
2338.29
2355.32
2386.46
2408.84
2426.22
2449.26
2445.22
2432.43
2423.45
2438.36
2437.19
2388.76
2401.33
2408.66
2425.21
2378.92
2399.46
2441.86
2436.97
2437.2
2447.8
2450.99
2478.38
2481.96
2466.79
2454.95
2446.56
2463.87
2444.4
2441.73
2454.71
2433.39
2418.64
2395.94
2390.71
2368.83
2416.65
2451.38
2468.93
2508.33
2512.55
2513.17
2503.45
2506.07
2502.15
2565.73
2558.61
2594.32
2579.75
2581.09
2567.1
2541.42
2537.22
2537.1
2583.46
2649.26
2685.56
2723.02
2754.49
2808.82
2819.81
2923.94
2967.55
3104.35
3124.89
3252.88
3106.91
3221.55
3183.01
3193.23
3217.23
3303.4
3360.6
3345.93
3383.17
3394.48
3324.92
3230.39
3335.42
3445.84
3455.46
3457.55
3533.71
3641.54
3641.06
3643.79
3559.26
3546.72
3513.58
3514.04
3502.42
3604.12
3635.15
3355.16
3396.22
3548.89
3567.61
3571.73
3607.99
3574.93
3525.32
3481.8
3434.39
3353.96
3437.45
3401.77
3366.95
3312.42
3345.92
3406.94
3434.12
3442.87
3469.83
3499.48
3522.32
3478.73
3566.3
3572.84
3601.27
3507.9
3530.82
3496.34
3478.52
3537.75
3520.61
3524.65
3592.84
3617.66
3705.67
3757.12
3846.06
3839.74
3892.57
3972.06
3973.05
3940.41
3950
3971.7
4088.18
4051.2
4123.9
4124.78
4170.54
4260.04
4295.8
4262.14
4344.42
4421.07
4438.18
4380.51
4513.55
4596.14
4521.92
4619.16
4739.81
4740.89
4702.64
4807.59
4741.86
4774.33
4749.89
4787.74
4596.84
4553.33
4470.09
4558.4
4690.53
4747.42
4718.44
4700.78
4617.47
4575.14
4731.22
4754.92
4840.98
4951.34
5099.5
5198.92
5181.43
4834.01
4840.83
5076.18
5161.87
5143.59
5181.42
5230.55
5353.75
5317.46
5309.11
5306.59
5335.12
5221.17
5064.82
5138.83
4930.55
4637.05
4786.09
4880.13
4706.52
4336.19
4191.55
4473
4253.02
4108
3885.92
3998.54
3928
3663.04
3897.63
4106.56
4211.81
4112.15
3966.76
3997.36
4151.5
4160.61
4166.01
4157.16
4250.81
4176.28
3818.73
3811.09
3930.38
3815.41
3816.7
3829.24
3948.16
3866.9
3831.85
3906.94
4084.36
4066.67
4016.13
4075.46
4073.54
4077.87
3825.41
3886.14
3761.45
3589.54
3275.53
3042.93
3025.69
3205.64
3342.29
3366.54
3362.08
3365.83
3250.49
3334.02
3399.31
3357.56
3347.19
3281.13
3152.23
3309.25
3237
3251.27
3308.25
3339.03
3263.03
3285
3231.95
3242.75
3178.85
3202.95
3296.48
3340.12
3447.69
3445.04
3406.11
3486.82
3534.07
3534.18
3577.7
3473.25
3524.53
3571.24
3589.26
3592.88
3524.92
3533.31
3534.08
3475.96
3465.49
3628.54
3705.97
3793.37
3840.35
3833.24
3833.65
3795.32
3746.24
3764.13
3758.39
3715.58
3774.97
3774.38
3753.34
3753.89
3781.61
3759.43
3556.99
3566.41
3591.7
3721.95
3749.3
3677.59
3687.61
3623.02
3635.94
3623.08
3608.06
3711.32
3694.39
3685.44
3755.89
3767.91
3865.97
3876.73
3866.38
3829.4
3838.2
3727.63
3761.87
3765.18
3731
3469.07
3478.78
3539.81
3294.38
3361.56
3192.45
3215.71
3155.88
3221.57
3118.73
3130.73
3223.13
3174.38
3081.35
3113.46
3128.89
2940.51
2930.35
2853.76
2946.09
2901.05
2961.33
2948.64
2984.76
2963.79
2946.71
3037.04
3063.32
3053.7
3051.59
3118.87
3089.36
3109.55
2918.75
2948.03
2877.47
2930.69
3051.33
3058.42
3093.89
3104.84
3107.67
3071.91
3013.15
3018.28
3065.69
3074.78
3090.03
3124.2
3171.96
3249.44
3225.79
3236.09
3181.85
3197.82
3169.73
3135.41
3216.28
3218.09
3221.89
3264.49
3257.53
3209.29
3185.73
3230.1
3218.45
3261.38
3275.83
3272.21
3228.45
3238.3
3181.03
3160.6
3174.9
3162.03
3179.16
3165.92
3160.58
3156.75
3213.54
3209.46
3213.92
3130.35
3065.62
3069.11
3082.81
3090.14
3074.94
3095.31
3086.03
3068.04
3062.5
3078.22
3087.22
3063.56
3059.23
3064.21
3062.5
3066.71
3169.56
3160.55
3167.1
3189.33
3178.79
3177.05
3163.99
3066.34
3075.98
3116.37
3094.67
3110.36
3112.67
3106.32
3133.96
3117.32
3077.16
3120.54
3136.4
3151.39
3153.92
3154.2
3204.7
3207.38
3216.8
3209.95
3192.28
3203.33
3273.18
3282.87
3276.76
3276.28
3262.02
3248.23
3237.61
3252.52
3225.16
3230.89
3269.59
3218.24
3221.14
3203.93
3176.81
3189.05
3193.51
3201.29
3205.11
3234.18
3256.98
3243.34
3233.36
3294.23
3393.42
3378.25
3373.05
3364.49
3365.02
3336.8
3341.83
3329.86
3308.97
3307.09
3307.78
3311.99
3327.79
3301.58
3314.11
3319.68
3342.63
3340.82
3339.56
3318.04
3262.6
3260.33
3238.73
3263.12
3257.4
3266.64
3291.12
3275.67
3220.28
3240.75
3230.89
3244.39
3253.29
3293.87
3306.56
3300.01
3302.65
3305.85
3277.88
3321.33
3316.24
3318.6
3327.74
3367.58
3367.45
3354.8
3345.7
3340.13
3336.28
3359.05
3333.35
3365.09
3354.17
3356.59
3371.12
3353.05
3390.61
3417.22
3430.25
3429.87
3429.59
3436.54
3417.46
3441.11
3468.36
3474.73
3488.74
3521.3
3535.08
3564.04
3538
3565.04
3528.95
3469.41
3459.15
3475.75
3470.14
3493.7
3409.18
3405.04
3378.95
3340.43
3346.03
3328.98
3309.06
3338.54
3335.67
3307.6
3322.4
3316.39
3301.89
3297.77
3310.08
3342.23
3368.31
3367.79
3347.67
3363.9
3358.27
3334.5
3317.62
3319.91
3319.45
3326.36
3339.37
3329.29
3354.89
3364.08
3364.45
3375.9
3387.96
3364.49
3373.21
3365.68
3383.29
3396.29
3413.49
3436.28
3435.8
3421.71
3440.93
3421.44
3471.39
3482.82
3489.76
3473.32
3473.85
3446.22
3452.81
3458.44
3435.1
3427.86
3446.48
3453.96
3448.73
3426.94
3427.89
3458.1
3456.69
3463.64
3481.51
3445.81
3449.61
3466.35
3450.05
3461.98
3489.6
3478.04
3469.81
3465.19
3436.76
3456.05
3503.89
3514.05
3517.46
3505.14
3517.33
3509.44
3514.57
3486.5
3479.94
3462.74
3445.88
3461.55
3466.79
3431.26
3440.97
3445.18
3446.72
3439.75
3426.58
3413.13
3404.39
3382.55
3358.81
3352.53
3337.7
3356.65
3385.38
3399.19
3428.65
3409.97
3398.11
3403.85
3411.24
3424.19
3424.17
3485.66
3480.43
3492.88
3497.74
3486.51
3468.75
3492.88
3533.87
3560.98
3576.17
3574.39
3582.27
3535.3
3528.79
3518.76
3553.67
3546.49
3587.96
3590.34
3622.88
3668.09
3674.72
3646.17
3668.83
3666.8
3650.85
3619.98
3659.68
3660.1
3655.93
3653.69
3670.81
3658.82
3686.92
3703.09
3663.56
3667.18
3729.75
3747.88
3728.6
3743.47
3719.56
3705.39
3712.19
3721.89
3737.87
3770.38
3760.85
3727.83
3707.58
3726.8
3732.21
3731.04
3715.92
3647.35
3694.68
3706.06
3701.42
3721.28
3724.67
3740.99
3752.3
3756.09
3734.65
3795.75
3842.71
3834.54
3834.3
3822.09
3830.54
3845.62
3857.05
3849.45
3829.87
3825.99
3825.65
3837.93
3842.61
3829.96
3831.3
3843.14
3832.12
3842.44
3837.82
3837.73
3817.79
3820.78
3821.2
3822.54
3836.5
3882.21
3889.86
3902.69
3912.95
3921
3913.45
3913.07
3944.16
3931.25
3926.85
3930.8
3959.4
3976.95
3993.58
4021.97
4009.72
4006.72
3996.62
3997.13
3992.7
4020.89
4054.25
4048.01
4075.9
4111.91
4128.07
4099.35
4073.67
4105.01
4120.85
4143.83
4217.7
4227.57
4102.4
4104.2
4049.95
4055.82
4053.75
4006.1
3998.14
4018.86
4040.17
4015.82
3971.06
4003.38
4069.5
4016.02
4050.09
4026.15
3980.86
3985.29
4035.33
4030.49
4067.85
4054.6
4041.54
4053.62
3991.21
4018.9
4030.86
4087.4
4111.39
4128.81
4138.75
4160.16
4189.3
4207.81
4205.59
4225
4225.24
4258.47
4248.12
4271.42
4285.4
4336.6
4382.61
4389.89
4365.08
4381.3
4302.02
4256.1
4275.9
4245.9
4271.23
4274.15
4148.89
4050.5
4012.05
3840.65
3890.1
3935.63
3966.96
4052.73
4071.09
4118.42
4058.98
4023.64
4049.09
4016.46
4018.1
4066.56
4036.65
4077.6
4108.87
4127.67
4091.25
4073.34
4096.16
4056.42
4074.25
4077.7
4061.05
4020.35
3904.94
3879.89
3913.27
3842.72
3894.05
3898.5
3886.92
3862.48
3854.86
3852.93
3927.17
3938.34
3898.64
3871.14
3808.86
3748.64
3766.28
3811.84
3760.85
3766.33
3843.49
3828.7
3755.49
3756.88
3763.65
3793
3774.6
3834.19
3878.68
3871.62
3893.06
3872.84
3909.29
3924.1
3892.84
3864.05
3903.06
3921.24
3906.21
3854.58
3827.22
3816.5
3833.26
3804.01
3723.37
3802.38
3770.59
3807.58
3845.32
3837.35
3831.01
3779.62
3779.98
3825.95
3788.34
3773.37
3753.43
3621.12
3635.44
3592.97
3608.9
3560.48
3531.11
3459.26
3423.53
3510.98
3407.96
3409.28
3363.75
3342.44
3365.12
3459.18
3467.52
3407.53
3481.06
3492.69
3472.09
3449.38
3431.32
3428.34
3492.89
3525.75
3581.71
3577.75
3536.25
3521.23
3515.08
3517.66
3447.39
3370.96
3315.28
3273.27
3368.87
3314.51
3397.53
3405.02
3390.34
3372.91
3291.98
3276.73
3229.62
3267.25
3326.65
3307.95
3320.03
3325.33
3406.57
3400.17
3386.57
3351.09
3334.5
3321.82
3363.9
3298.14
3262.88
3277.64
3230.07
3224.21
3202.03
3236.57
3242.09
3204.92
3269.43
3312.48
3310.13
3410.49
3379.8
3417.24
3403.59
3438.87
3290.9
3288.69
3281.6
3124.11
3170.73
3126.45
3100.97
3118.25
3044.39
3134.95
3270.27
3183.43
3188.2
3194.31
3173.64
3076.89
3110.26
3153.82
3177.03
3290.25
3262.84
3243.15
3221.91
3212.77
3167.44
3205.14
3237.38
3204.94
3242.37
3257.67
3294.6
3218.41
3226.49
3214.43
3143.48
3141.24
3137.24
3178.93
3137.65
3172.69
3260.95
3267.71
3252
3181.67
3181.56
3144.76
3159.82
3170.61
3219.69
3165.91
3161.2
3128.43
3091.13
3067.42
3029.4
3038.2
3017.28
3002.03
2990.51
3010.65
2969.54
2964.84
3035.87
3054.3
3047.7
3078.48
3072.69
3094.78
3067.78
3127.99
3128.65
3111.42
3168.17
3185.64
3143.32
3141.05
3158.78
3184.47
3183.78
3193.97
3168.48
3201.63
3247.4
3306.47
3330.34
3397.03
3402.14
3338.7
3445.75
3439.61
3451.93
3442.71
3520.12
3729.48
3684.69
3678.39
3669.37
3749.71
3794.1
3816.01
3848.09
3808.85
3657.58
3729.95
3755.35
3724.19
3698.49
3745.01
3851.75
3833.96
3835.44
3836.89
3833.8
3742.83
3700.44
3743.39
3728.4
3872.34
3973.93
3971.29
4022.16
4062.23
4057.23
4075.43
4085.85
3997.58
3988.62
3975.52
4085.79
4087.24
4072.08
4120.61
4025.61
4019.01
4030.09
3941.82
3889.28
3900.33
3913.21
3684.62
3720.67
3667.46
3599.7
3730.45
3668.73
3645.15
3727.09
3743.96
3648.76
3617.79
3666.78
3649.38
3583.96
3593.91
3637.2
3672.26
3663.91
3641.18
3629.79
3632.01
3598.47
3597.11
3564.68
3610.74
3719.28
3691.1
3685.39
3654.88
3654.82
3667.62
3715.94
3828.52
3833.94
3841.27
3801.31
3794.33
3834.82
3825.59
3935.81
3937.17
3893.53
3873.1
3893.2
3802.79
3793.13
3786.74
3785.22
3808.73
3824.19
3806.85
3804.64
3768.4
3807.96
3781.68
3789.91
3819.83
3851.07
3858.57
3854.27
3870.32
3835.36
3803.47
3747.44
3675.69
3636.33
3621.43
3669.29
3633.53
3699.1
3665.75
3682.4
3694
3710.54
3791.09
3787.73
3781.76
3793.51
3820.86
3765.91
3816.95
3802.58
3790.19
3799.59
3848.32
3853.61
3886
3925.32
3948.51
3972.95
3959.27
3930.1
3972.38
3957.72
3891.22
3910.08
3924.38
3935.65
3890.66
3901.08
3870.98
3841.14
3852.65
3814.53
3837.68
3843.24
3874.64
3911.73
3953.24
3936.25
3922.69
3925.22
3869.38
3880.84
3895.88
3871.08
3870.67
3896.79
3926.59
3910.23
3891.23
3886.75
3952.39
3978.12
4002.81
3984.88
3991.88
3973.01
3902.98
3903.69
3899.98
3905.86
3877.09
3907.93
3947.04
3907.86
3889.6
3850
3878.21
3891.65
3875.62
3862.3
3828.67
3836.06
3851.09
3849.82
3879.36
3902.39
3895.45
3900.38
3902.75
3891.02
3968.22
3987.55
4041.8
4032.78
4027.15
4017.25
3967.1
3992.96
3990.87
4025.99
4022.03
4081.63
4096.58
4152.24
4144.97
4129.3
4160.23
4112.32
4164.37
4163.19
4203.99
4189.89
4166.73
4149.04
4154.85
4185.83
4114.31
4131.93
4003.9
3688.36
3785.64
3828.53
3899.78
3899.87
3916.01
3952.46
3984.43
3959.92
3987.73
4077.42
4057.51
4051.31
4144.66
4149.49
4132.84
4123.85
4073.02
4084.88
3940.05
4069.67
4091.36
4115.05
4206.73
4138.51
3997.13
4082.73
4028.43
3950.91
3895.31
3727.84
3709.68
3636.26
3589.09
3653.22
3530.31
3625.11
3722.52
3698.05
3710.06
3674.11
3686.16
3675.08
3734.53
3713.22
3798.02
3780.34
3792.81
3769.18
3753.26
3825.7
3797.36
3802.38
3839.49
3853.46
3808.05
3839.38
3829.75
3796.97
3822.77
3849.15
3867.03
3912.58
3936.25
3924.89
3963.62
3960.18
3960.24
3968.25
3925.22
3912.82
3922.91
3956.25
3935.22
3913.8
3824.06
3829.32
3872.77
3845.61
3856.63
3867.02
3971.34
3983.57
3983.65
3982.19
4001.25
4021.95
4047.03
4039.71
3995.88
4003.08
3954.99
4014.57
4017.59
4044.38
4098.71
4102.05
4121.79
4138.99
4109.72
4163.96
4247.78
4335.84
4419.6
4670.09
4698.13
4774
4840.77
4753.13
4852.96
4806.69
4744.47
4516.25
4544.7
4680.3
4691.04
4714.45
4712.44
4505.59
4512.86